$ANSIBLE_VAULT;1.1;AES256
65303335343232643639313464306432353336646563396261613336363437313037303037636337
6436383035643962366165346364643433653635353231350a386366663738656331613534353863
32613536373539316361303238626237646362653832353633666166626165663363623264396361
3164646133333831370a623135316432663235656536343531333232646136316439623435663662
34663738353165373263633431363762313966356563643863643063366532643635333635316237
61333338393862396463313664383066613030346538633634366462376662663666306439396466
35343531373361666262373834303864666165353435356334356566336463343936663865623431
34346638353537643336643634323062396530663130323131353962623361396231643161656561
34373763303932623665623436666666636165346137643633396266333161653563306666333539
63343133313836303337353734333138353536343835363939323636626165613762313039313734
63306464353262646464653263346564646530373062333265366530663332626630396661653963
30306239623531323566376161623065326664626136633339343334616331393763363565313637
64396166633538333836386132303630633937313931346336386530336663613035393138666538
30346534343738323734633237366138306366633738393833343064623465313466336536653764
30343836636638633835333134616166646338653238366263383137623130396133326537333464
38623633393265333161396665383764336635383333646636303237623638336165616664643637
37383830623131396365383335313364323565646161336332333764356363303230333331373238
39346463643335613965656439313136663663613533653332636562316365616633393537326236
66616338383234656333353562663534616163336332623264336533356461663934633935653234
39303463363062613136393434396562353436663864313530396466326537393065306234643336
35303034383330303632643265316439633239313032393763373164623732633935313036393435
38353439313034663864376664653137356664626339643362353665343533613534366638313563
38363730323437353430616262303162623361613635303130393334666132623463663064613132
39393565353162346631336663643061316235333931323432376132303263616333623930303361
63316336643936336437616439326634353438353630663034333763666332366334
